MEMORY
  total            13.2 MB
  struct          159.0 KB
  buffer           43.6 KB
  arena            13.0 MB, used 0.2%

SIZES
  narena                13631488
  nbuffer               44672
  nplugin               0
  maxuse_stack          1012
  maxuse_arena          28936
  maxuse_con            0
  maxuse_efc            0
  solver_nisland        0
  ncon                  0
  ne                    0
  nf                    0
  nl                    0
  nefc                  0
  nJ                    0
  nA                    0
  nisland               0
  threadpool            0

TIMER
    0:  duration =  0          number = 0
    1:  duration =  1.4        number = 20
    2:  duration =  0          number = 0
    3:  duration =  1.2        number = 20
    4:  duration =  0.084      number = 20
    5:  duration =  0          number = 0
    6:  duration =  0.0044     number = 20
    7:  duration =  0          number = 0
    8:  duration =  0.18       number = 20
    9:  duration =  0.06       number = 20
    10:  duration =  0.89       number = 20
    11:  duration =  0.083      number = 20
    12:  duration =  0.0064     number = 20
    13:  duration =  0.17       number = 20
    14:  duration =  0.66       number = 20

ENERGY =   0         0       

TIME =  0       

QPOS
   0       
   0       
   0       
   0       
   0       
   0       
   0       

QVEL
   0       
   0       
   0       
   0       
   0       
   0       
   0       

QACC_WARMSTART
   0       
   0       
   0       
   0       
   0       
   0       
   0       

QFRC_APPLIED
   0       
   0       
   0       
   0       
   0       
   0       
   0       

XFRC_APPLIED
   0         0         0         0         0         0       
   0         0         0         0         0         0       
   0         0         0         0         0         0       
   0         0         0         0         0         0       
   0         0         0         0         0         0       
   0         0         0         0         0         0       
   0         0         0         0         0         0       
   0         0         0         0         0         0       

QACC
   0       
   0       
   0       
   0       
   0       
   0       
   0       

XPOS
   0         0         0       
   0         0         2       
   0.25      0         1.8     
   0.43      0         1.6     
   8         0         0.97    
   0.43      0         0.62    
   0.25      0         0.37    
   7.8e-16   0         0.2     

XQUAT
   1         0         0         0       
   1         0         0         0       
   1         0         0         0       
   1         0         0         0       
   1         0         0         0       
   1         0         0         0       
   1         0         0         0       
   1         0         0         0       

XMAT
   1         0         0         0         1         0         0         0         1       
   1         0         0         0         1         0         0         0         1       
   1         0         0         0         1         0         0         0         1       
   1         0         0         0         1         0         0         0         1       
   1         0         0         0         1         0         0         0         1       
   1         0         0         0         1         0         0         0         1       
   1         0         0         0         1         0         0         0         1       
   1         0         0         0         1         0         0         0         1       

XIPOS
   0         0         0       
   0.25      0         1.8     
   0.43      0         1.6     
   4.4       0         1.4     
   4.4       0         0.8     
   0.43      0         0.62    
   0.25      0         0.37    
   7.8e-16   0        -0.3     

XIMAT
   1         0         0         0         1         0         0         0         1       
   1         0         0         0         1         0         0         0         1       
   1         0         0         0         1         0         0         0         1       
   0         0         1         0        -1         0         1         0         0       
   0         0         1         1         0         0         0         1         0       
   1         0         0         0         0        -1         0         1         0       
   1         0         0         0         1         0         0         0         1       
   0         0         1         1         0         0         0         1         0       

XANCHOR
   0         0         2       
   0.25      0         1.8     
   0.43      0         1.6     
   8         0         0.97    
   0.43      0         0.62    
   0.25      0         0.37    
   7.8e-16   0         0.2     

XAXIS
   0         0         1       
   1         0         0       
   0         0         1       
   0         0         1       
   0         0        -1       
   1         0         0       
   0         0         1       

GEOM_XPOS
   0.0037    0.0021    2.8     
   0.021     4.6e-09   1.8     
   0.43      4.6e-09   1.8     
   0.45      4.6e-09   1.4     
   4.3       0.038     1.4     
   8         4.6e-09   1.4     
   8         0         1.1     
   8        -1.4e-09   0.8     
   4.3       0.035     0.79    
   0.45      4.6e-09   0.8     
   0.43      4.6e-09   0.39    
   0.021     4.6e-09   0.37    
  -0.0038    0.0021   -0.62    

GEOM_XMAT
   1         0.0046    0.0053   -0.0046    1        -0.012    -0.0054    0.012     1       
  -4.2e-06  -0        -1         0         1        -0         1         0        -4.2e-06 
   1         0         0         0         1         0         0         0         1       
  -4.2e-06  -0        -1         0         1        -0         1         0        -4.2e-06 
   0.00092  -0.0037    1        -0.17      0.98      0.0038   -0.98     -0.17      0.00027 
  -4.2e-06   0         1         0         1         0        -1         0        -4.2e-06 
  -4.2e-06  -1         0         1        -4.2e-06   0         0         0         1       
  -4.2e-06   0         1         0         1         0        -1         0        -4.2e-06 
  -0.0016   -0.0027    1         0.17      0.98      0.003    -0.98      0.17     -0.0011  
   0.0008   -0        -1         0         1        -0         1         0         0.0008  
  -1        -0        -0.0016    0         1        -0         0.0016    0        -1       
  -4.2e-06  -0        -1         0         1        -0         1         0        -4.2e-06 
  -1        -0.0046   -0.0054   -0.0046    1        -0.012     0.0055   -0.012    -1       

SUBTREE_COM
   2.2       0         0.84    
   2.2       0         0.84    
   2.4       0         0.75    
   2.6       0         0.66    
   1.8       0         0.35    
   0.16      0         0.071   
   0.076     0        -0.097   
   7.8e-16   0        -0.3     

CDOF
   0         0         1        -0         2.2       0       
   1         0         0        -0         0.99      0       
   0         0         1        -0         1.8       0       
   0         0         1        -0        -5.8       0       
   0         0        -1         0        -1.8       0       
   1         0         0         0        -0.46      0       
   0         0         1         0         2.2       0       

CINERT
   0         0         0         0         0         0         0         0         0         0       
   1.2e+02   5.2e+02   4.1e+02   0         2e+02     0        -2.1e+02   0         1e+02     1.1e+02 
   70        4e+02     3.4e+02   0         1.4e+02   0        -1.9e+02   0         78        1.1e+02 
   1.1e+02   3.8e+03   3.7e+03   0        -3.9e+02   0         7e+02     0         1.8e+02   3.1e+02 
   9.9       3.4e+03   3.4e+03   0         24        0         6.2e+02   0        -11        2.8e+02 
   13        3.4e+02   3.4e+02   0        -40        0        -1.9e+02   0        -23        1.1e+02 
   35        4.4e+02   4.1e+02   0        -96        0        -2.1e+02   0        -49        1.1e+02 
   3.3e+02   1.5e+03   1.2e+03   0        -6.1e+02   0        -5.4e+02   0        -2.8e+02   2.4e+02 

CRB
   0         0         0         0         0         0         0         0         0         0       
   6.8e+02   1e+04     9.7e+03   0        -7.7e+02   0        -5.7e-14   0        -8.5e-14   1.3e+03 
   5.7e+02   9.8e+03   9.3e+03   0        -9.8e+02   0         2.1e+02   0        -1e+02     1.2e+03 
   5e+02     9.4e+03   9e+03     0        -1.1e+03   0         3.9e+02   0        -1.8e+02   1e+03   
   3.8e+02   5.7e+03   5.3e+03   0        -7.2e+02   0        -3.1e+02   0        -3.6e+02   7.3e+02 
   3.7e+02   2.3e+03   2e+03     0        -7.5e+02   0        -9.3e+02   0        -3.5e+02   4.6e+02 
   3.6e+02   2e+03     1.6e+03   0        -7.1e+02   0        -7.4e+02   0        -3.3e+02   3.5e+02 
   3.3e+02   1.5e+03   1.2e+03   0        -6.1e+02   0        -5.4e+02   0        -2.8e+02   2.4e+02 

QM
   1.6e+04   2e+03     1.5e+04  -3e+03    -51        1.1e-13   44      
   2e+03     1.9e+03   1.4e+03  -7.4e+03   2.5e+02   3.7e+02  -1.1e-13 
   1.5e+04   1.4e+03   1.4e+04  -1e+03    -1e+02    -70        44      
  -3e+03    -7.4e+03  -1e+03     3.4e+04  -1e+03    -1.3e+03   44      
  -51        2.5e+02  -1e+02    -1e+03     1e+02     70       -44      
   1.1e-13   3.7e+02  -70       -1.3e+03   70        1.3e+02  -1.1e-13 
   44       -1.1e-13   44        44       -44       -1.1e-13   44      

QLD
   43        0.29      1.1      -0.19     -0.3       1.7e-15   1       
   0.29      86        0.099    -0.18      2.4       2.8      -2.6e-15 
   1.1       0.099     1.3e+04  -0.12     -1        -0.53      1       
  -0.19     -0.18     -0.12      1.7e+04  -14       -10        1       
  -0.3       2.4      -1        -14        22        0.53     -1       
   1.7e-15   2.8      -0.53     -10        0.53      1.3e+02  -2.6e-15 
   1        -2.6e-15   1         1        -1        -2.6e-15   44      

QLDIAGINV
   0.023   
   0.012   
   7.5e-05 
   6e-05   
   0.047   
   0.0075  
   0.023   

B: body-dof matrix
---------
 xxxxxxx |
 xxxxxxx |
 xxxxxxx |
 xxxxxxx |
 xxxxxxx |
 xxxxxxx |
 xxxxxxx |
 xxxxxxx |
---------

B_rownnz              7 7 7 7 7 7 7 7

B_rowadr              0 7 14 21 28 35 42 49

B_colind              0 1 2 3 4 5 6 0 1 2 3 4 5 6 0 1 2 3 4 5 6 0 1 2 3 4 5 6 0 1 2 3 4 5 6 0 1 2 3 4 5 6 0 1 2 3 4 5 6 0 1 2 3 4 5 6

C: reduced dof-dof matrix
---------
 x       |
 xx      |
 xxx     |
 xxxx    |
 xxxxx   |
 xxxxxx  |
 xxxxxxx |
---------

C_rownnz              1 2 3 4 5 6 7

C_rowadr              0 1 3 6 10 15 21

C_colind              0 0 1 0 1 2 0 1 2 3 0 1 2 3 4 0 1 2 3 4 5 0 1 2 3 4 5 6

mapM2C                0 2 1 5 4 3 9 8 7 6 14 13 12 11 10 20 19 18 17 16 15 27 26 25 24 23 22 21

D: dof-dof matrix
---------
 Dxxxxxx |
 xDxxxxx |
 xxDxxxx |
 xxxDxxx |
 xxxxDxx |
 xxxxxDx |
 xxxxxxD |
---------

D_rownnz              7 7 7 7 7 7 7

D_rowadr              0 7 14 21 28 35 42

D_colind              0 1 2 3 4 5 6 0 1 2 3 4 5 6 0 1 2 3 4 5 6 0 1 2 3 4 5 6 0 1 2 3 4 5 6 0 1 2 3 4 5 6 0 1 2 3 4 5 6

mapM2D                0 2 5 9 14 20 27 2 1 4 8 13 19 26 5 4 3 7 12 18 25 9 8 7 6 11 17 24 14 13 12 11 10 16 23 20 19 18 17 16 15 22 27 26 25 24 23 22 21

mapD2M                0 8 7 16 15 14 24 23 22 21 32 31 30 29 28 40 39 38 37 36 35 48 47 46 45 44 43 42

QDERIV
   0         0         0         0         0         0         0       
   0         0         0         0         0         0         0       
   0         0         0         0         0         0         0       
   0         0         0         0         0         0         0       
   0         0         0         0         0         0         0       
   0         0         0         0         0         0         0       
   0         0         0         0         0         0         0       

QLU
   0         0         0         0         0         0         0       
   0         0         0         0         0         0         0       
   0         0         0         0         0         0         0       
   0         0         0         0         0         0         0       
   0         0         0         0         0         0         0       
   0         0         0         0         0         0         0       
   0         0         0         0         0         0         0       

CONTACT
CVEL
   0         0         0         0         0         0       
   0         0         0         0         0         0       
   0         0         0         0         0         0       
   0         0         0         0         0         0       
   0         0         0         0         0         0       
   0         0         0         0         0         0       
   0         0         0         0         0         0       
   0         0         0         0         0         0       

CDOF_DOT
   0         0         0         0         0         0       
   0         0         0         0         0         0       
   0         0         0         0         0         0       
   0         0         0         0         0         0       
  -0         0         0         0         0         0       
   0         0         0         0         0         0       
   0         0         0         0         0         0       

QFRC_BIAS
   0       
   0       
   0       
   0       
   0       
   0       
   0       

QFRC_SPRING
   0       
   0       
   0       
   0       
   0       
   0       
   0       

QFRC_DAMPER
   0       
   0       
   0       
   0       
   0       
   0       
   0       

QFRC_GRAVCOMP
   0       
   0       
   0       
   0       
   0       
   0       
   0       

QFRC_FLUID
   0       
   0       
   0       
   0       
   0       
   0       
   0       

QFRC_PASSIVE
   0       
   0       
   0       
   0       
   0       
   0       
   0       

SUBTREE_LINVEL
   0         0         0       
   0         0         0       
   0         0         0       
   0         0         0       
   0         0         0       
   0         0         0       
   0         0         0       
   0         0         0       

SUBTREE_ANGMOM
   0         0         0       
   0         0         0       
   0         0         0       
   0         0         0       
   0         0         0       
   0         0         0       
   0         0         0       
   0         0         0       

QFRC_ACTUATOR
   0       
   0       
   0       
   0       
   0       
   0       
   0       

QFRC_SMOOTH
   0       
   0       
   0       
   0       
   0       
   0       
   0       

QACC_SMOOTH
   0       
   0       
   0       
   0       
   0       
   0       
   0       

QFRC_CONSTRAINT
   0       
   0       
   0       
   0       
   0       
   0       
   0       

QFRC_INVERSE
   0       
   0       
   0       
   0       
   0       
   0       
   0       

CACC
   0         0         0         0         0         0       
   0         0         0         0         0         0       
   0         0         0         0         0         0       
   0         0         0         0         0         0       
   0         0         0         0         0         0       
   0         0         0         0         0         0       
   0         0         0         0         0         0       
   0         0         0         0         0         0       

CFRC_INT
   0         0         0         0         0         0       
   0         0         0         0         0         0       
   0         0         0         0         0         0       
   0         0         0         0         0         0       
   0         0         0         0         0         0       
   0         0         0         0         0         0       
   0         0         0         0         0         0       
   0         0         0         0         0         0       

CFRC_EXT
   0         0         0         0         0         0       
   0         0         0         0         0         0       
   0         0         0         0         0         0       
   0         0         0         0         0         0       
   0         0         0         0         0         0       
   0         0         0         0         0         0       
   0         0         0         0         0         0       
   0         0         0         0         0         0       

